G  1     14945392.618872     -5151028.221634    -21520964.510709     289.440991    3781.342922    -680.982119    -1.075    -0.005     0.001    -0.001    -0.005
G  2    -11381010.636650    -18482885.670286     15646465.624731    1547.914432   -2737.681288   -2212.508391    -1.023    -0.004    -0.003     0.010     0.001
G  3     24585542.116569     -8097173.391206     -6081068.255833      33.466259    2385.589393   -3046.764133    -1.076    -0.000     0.008     0.020    -0.006
G  5    -15515105.868554     -7806002.998781     19935514.215688    2752.008759   -2483.648563    1183.564626    -0.983     0.005     0.006     0.012    -0.004
G  6     -3138065.147849    -25689182.616546      6025916.377776    2139.140792    -979.637271   -3075.421904    -1.071    -0.002     0.002     0.005    -0.003
G  7     10740161.260044    -20580345.624848     13501693.293515    1590.453900    2456.200372    2473.006957    -0.987     0.007     0.005    -0.007     0.006
G  8     23855892.913320      8739962.211454     -7467316.995953      45.120003    2457.620371    3009.345520    -1.073    -0.000     0.005     0.003    -0.002
G  9     12557505.695143     -9959673.745311     21141327.872283    2987.887708    2385.385688    -650.724551    -1.077    -0.002     0.012    -0.020    -0.007
G 10     -7128109.954768     18093407.413691    -18127992.506404   -3423.588861     425.416424    1753.935498    -1.074     0.000     0.007     0.021    -0.008
G 11     17285790.137223      -445187.819413    -20744834.328559     868.761118    3651.483806     650.539205    -1.023     0.000     0.009    -0.001    -0.006
G 12    -24809670.699064      4832564.527197     -8653350.633577     554.581533   -2393.560716   -2965.811649    -0.999     0.007     0.009    -0.000     0.004
G 13    -21116152.753817    -16088202.753175     -1183981.326117    1231.144651   -1826.801525    3184.501821    -1.003     0.004     0.013    -0.014    -0.002
G 14     11540262.432101     19871073.566492    -12895852.603331   -2951.813591      30.681713   -2555.983947    -1.000     0.004    -0.003    -0.012    -0.003
G 15    -24351968.533595     -5436028.471524     -8724324.703604    -397.206555   -2623.726241    2848.037562    -0.977     0.006    -0.003    -0.010    -0.004
G 16     14998185.062102      8059627.401454     20127549.105898   -2932.464911    2202.059410    1334.879171    -1.025     0.000     0.006     0.000     0.007
G 17     -3298015.677649    -17823942.797573    -18979794.999602    3405.399162    1096.105520   -1603.016737    -0.998     0.005     0.009     0.006     0.009
G 18    -17224392.260455     17987315.966056     -8864201.259092   -2531.374481    -941.515271    2802.884485    -1.019     0.003     0.006     0.015    -0.006
G 19    -10146197.610862    -20175384.692961    -14427939.612650    2958.182354     235.105653   -2436.162725    -1.022     0.004     0.008     0.005     0.008
G 20    -23747589.254845      7914651.218550      8794266.642584     179.232591   -2655.096243    2821.233140    -1.015     0.009     0.003     0.013    -0.005
G 21     -9119685.101743     21941326.980137     12710580.788920   -1852.404904   -2155.988003    2549.107292    -1.011     0.002     0.009     0.024     0.007
G 22     23213431.197582     -3057630.885232    -12280239.172755    -988.528245    2797.278511   -2518.597242    -1.010     0.006     0.009     0.019    -0.006
G 23     20928209.475854     -1045420.329491     16327894.107193    1693.348906    2804.931859   -2065.648176    -1.010     0.002    -0.003    -0.012    -0.004
G 24    -15646789.231518      1892000.289264    -21495299.745381    -140.595557   -3851.833822    -210.071966    -1.081    -0.001     0.004     0.002     0.004
G 25    -22455649.014546     14039017.981362      3131485.094637   -1491.286269   -1639.646959   -3158.381562    -1.077    -0.001     0.006     0.006    -0.000
G 26      5109362.701679     14579138.967429     21615762.194658   -3485.225227    1663.603713    -286.633661    -1.079    -0.001     0.006     0.009    -0.004
G 27     20308982.659395     16311482.977460      4432059.527454   -1804.979089    1383.444438    3161.115433    -1.071    -0.002     0.006     0.004     0.000
G 28     12057245.113514    -16652323.901802    -16162920.859845    3274.812355     184.139486    2172.055690    -1.013     0.001     0.012    -0.003     0.010
G 29    -16215293.345119      5043882.087628     20418026.972776   -2419.609221   -2761.402578   -1237.330740    -0.996     0.005     0.005     0.005     0.004
G 30      5911678.154747    -25537958.965740      4742917.427549    2116.642980    1058.966250    3052.487924    -1.079    -0.000     0.003     0.004     0.003
G 31      3011892.954102     25686988.768097      6992335.816333   -2160.134718    1071.877789   -2988.921449    -0.993     0.008     0.009    -0.003     0.005
G 32      4758370.956926     18369274.483660    -18533960.902357   -3428.854159    -765.923568   -1644.035964    -1.075    -0.001     0.011    -0.020    -0.006
